24.9152
38.3985
-12.2138
31.8873
3.33033
-34.0947
-15.808
13.0013
23.9896
-13.5764
12.1683
3.41357
-17.4094
-23.986
5.46827
-13.2663
-5.1555
3.95031
-13.4928
2.63339
5.46812
6.94917
30.0213
-7.78421
27.4577
-14.3839
35.4484
-3.2488
-1.93219
46.0158
28.2909
8.76745
21.9859
-20.3217
4.24704
-5.93655
14.7676
-21.1427
12.776
-4.50053
18.9951
29.7077
-17.8089
35.469
-6.91754
8.96847
-39.3625
-21.2056
31.7924
44.7216
-6.33663
-5.77836
-13.6394
2.66122
-6.62855
-1.87138
7.0693
-24.9282
-10.1163
-20.7347
1.44409
-27.0423
11.1988
-3.18943
-34.7703
40.3625
37.3371
-17.3547
14.1803
-2.13764
-25.9406
-13.1539
8.86736
12.7654
-14.3749
11.3871
48.0894
-12.465
-14.0432
23.398
-24.5955
30.6407
22.9416
3.43461
-9.5241
30.4049
27.779
-6.82182
-9.01759
-8.13218
-6.92626
-18.22
-22.316
-13.8857
-33.801
12.7123
-12.7278
-5.31761
-7.12455
19.3722
-3.95579
4.92156
-11.0727
-18.2739
-28.2896
18.1806
-11.6076
51.646
-15.7473
-25.7189
-6.56716
7.30077
-14.8893
41.8281
14.9268
4.82886
5.69676
-3.31425
3.09059
-14.2144
10.2145
-2.49196
-3.19846
-15.6509
-3.68203
38.8132
0.732809
-11.5944
-0.994792
2.06075
8.05129
11.2636
-24.0361
-3.15893
-7.06812
42.5636
-20.2552
-6.17587
-27.9456
-19.5203
20.7175
23.0903
-8.60391
28.9288
9.09351
-5.78343
6.80326
17.7475
28.5228
25.1776
-10.1796
28.8308
9.86937
12.1409
0.230102
1.35616
-9.72162
16.128
-28.2394
31.4489
39.2093
0.634652
-1.2789
-14.8486
11.0724
-49.2906
-10.8775
43.4638
7.09228
18.1823
-23.7968
-12.9907
12.5748
17.1163
-5.70986
-24.8111
12.7116
61.5119
-10.2109
21.2125
18.2199
5.99894
-17.4686
-25.5107
7.30102
39.0378
26.265
0.638149
-10.1505
-29.0179
11.2718
35.9938
-8.93092
39.6614
-15.7775
-13.5628
-15.4915
-34.5583
0.168019
19.1959
14.1605
-14.5405
25.9389
2.98621
26.0176
-1.57023
-4.61687
13.7824
-9.22493
30.1213
20.7674
21.9254
6.69171
-9.70156
19.4588
14.0148
3.03154
-6.51308
15.5568
-7.75374
2.43499
12.5788
13.2606
15.9759
9.83876
2.45408
27.2793
31.094
-8.97903
17.9758
7.79788
19.1682
-1.96195
-3.24064
20.548
8.66803
-10.4475
3.72211
-1.63751
46.1538
-5.22058
-13.0987
-2.09264
-9.07205
-13.7507
-10.2135
-32.5414
-2.78713
-2.11486
-24.0339
-12.5798
-43.191
6.48477
20.879
12.7659
8.08582
0.427265
14.6657
-11.7522
2.00836
8.20352
34.069
-13.825
4.34729
-4.31204
36.2857
8.09559
-8.3566
-20.8928
34.4374
21.4698
14.9673
-0.347475
11.3393
20.9428
-12.8349
-22.4715
-5.0193
39.3864
7.57374
14.2844
7.25714
-15.3307
-10.2768
-6.08831
4.20754
-1.30049
-5.71096
-13.2114
10.0874
13.2256
25.7727
7.96298
-7.9827
17.2843
42.7537
24.2443
61.077
6.90933
-2.89963
10.6406
-8.83828
-14.158
-16.5869
-11.3558
2.25766
32.7096
-7.812
11.574
48.199
31.4037
-27.2453
7.14772
21.0146
21.9173
17.4419
21.7798
-0.226196
-12.1363
7.63769
12.9266
4.27242
-3.51962
-8.02787
-8.90038
3.90314
25.894
-16.6241
30.9802
7.11832
18.3591
13.8223
-22.5565
24.2526
27.3052
2.86847
25.4959
-17.9618
39.105
48.2962
21.8759
11.7665
-30.5259
-20.0922
27.8992
2.38115
16.5392
-9.48178
21.868
71.1941
-1.26401
-7.78894
28.7681
24.1467
-5.96808
6.9715
2.27425
-27.8708
12.1362
-6.02623
-7.91038
-10.9738
4.40196
40.9425
45.9077
16.5836
24.9933
-8.13206
-3.54374
-8.6079
-0.173269
23.4081
-5.01458
-1.75158
-22.1582
7.00872
-10.8639
15.0282
12.4408
12.9013
34.8093
20.3459
-0.754756
15.1831
21.8793
22.3927
-1.07925
16.4976
-28.8862
2.96504
-27.9827
3.94218
15.8011
-15.182
17.5852
-12.0485
34.5674
-12.9844
18.0262
-3.46036
16.5898
-41.2543
-15.1777
12.4762
37.5145
-9.97102
10.6986
-21.2763
-37.3781
-20.7064
-1.8538
10.4318
19.3765
-13.7119
-5.68608
-8.65307
3.75752
33.9786
-12.171
25.0626
-5.30252
19.838
10.378
14.1857
-8.75396
1.35775
25.9367
-5.88619
-7.39342
20.7935
-21.6671
19.9815
16.0742
1.52999
3.01532
5.49036
9.31164
9.73698
-18.0121
-10.4176
31.229
-5.36082
1.98902
3.17378
-9.75146
26.2071
-26.1418
39.1755
9.46104
4.82316
-36.6093
-1.38691
5.80238
-24.3876
-5.24575
-14.5361
-7.7185
34.4466
15.5811
18.2359
17.1214
-11.9611
-13.0562
37.1788
7.29225
-12.9106
4.90029
40.2299
-7.48486
-9.9534
47.4117
31.0746
-7.77135
3.27097
-0.152497
4.54201
-27.683
-6.61518
29.3531
38.1535
-23.5181
-24.6675
16.5638
10.0489
13.4042
40.036
22.9536
4.40745
-10.5561
-15.8484
21.236
7.04125
-16.6188
35.0775
41.9062
17.7509
16.7397
39.4971
-5.74768
21.6429
-0.15457
-18.0649
2.1105
33.7432
27.2007
-0.0806049
15.5271
8.75808
13.5096
42.9515
-14.364
-12.883
9.32189
23.5603
34.0648
7.98329
-12.9988
-22.1383
42.2905
8.98113
16.7912
-18.8339
62.8627
-0.508098
29.3523
-20.4873
-9.0797
34.2538
-34.1352
-37.3474
42.5586
-6.64916
5.98968
-4.59761
-10.015
15.3979
-11.9558
-3.71324
9.02225
-23.9194
-8.6868
-6.29386
-2.20713
23.1809
-3.39659
18.0551
-11.0492
-10.3869
8.63341
7.82771
24.8819
23.7289
35.6749
-8.22318
16.9581
11.2501
-19.8687
-7.95664
4.77142
45.253
10.9441
-32.3509
-14.1648
-1.33313
36.2307
-29.8194
2.36841
23.9477
7.57643
11.3269
-14.5728
22.3312
20.5587
5.92744
-3.97945
22.3837
10.6122
-19.068
27.0437
13.169
-17.4293
9.32937
-12.4332
26.7626
32.2888
3.18498
8.1592
34.5541
-12.8732
22.9545
2.59653
-17.5114
42.4101
21.9639
-8.40595
3.72852
18.417
-5.82702
-6.17946
14.0234
46.5469
19.3877
7.30058
2.50308
-0.623816
-9.5317
-23.361
27.3492
12.3373
29.0935
16.5466
28.0785
-12.9428
46.2842
-12.8915
-17.9364
3.98678
19.9689
29.5099
-20.4387
28.4029
-19.202
3.01936
-27.0271
-29.7096
16.9299
36.6625
-12.0706
-5.37182
2.32791
19.5219
-27.0761
21.5691
-2.88766
-13.0739
21.7621
-12.935
9.06453
9.76061
22.9118
-2.25038
34.1397
-3.01332
18.6295
42.0396
15.6363
30.3047
-4.381
17.6199
-3.58956
8.36212
-15.6099
10.6689
2.31576
9.36726
24.4541
10.9279
-16.4311
15.1917
2.70968
-26.9515
7.09541
6.72456
17.0241
7.35355
9.81789
21.7907
23.8569
-7.4158
-6.69792
-0.737433
0.97702
6.25965
5.16765
1.10762
4.93014
-12.9042
16.1403
9.06913
-1.14481
15.248
-16.6851
24.2411
4.44531
-9.01705
2.99746
2.01379
-3.36191
2.21708
-12.4842
-13.2328
13.0831
17.0554
4.37278
-39.7533
43.4678
12.2386
4.74192
-2.70427
50.4962
27.5116
29.5226
-34.2369
19.3817
-13.0308
16.6337
0.740883
3.55014
22.4835
-13.3461
-21.368
35.6743
31.8527
5.67284
13.5049
3.12224
21.497
-4.69685
4.44077
11.3764
11.1628
-53.4368
2.32175
27.4314
-29.0974
-12.0822
7.94651
-5.50004
10.1444
27.3529
43.9331
5.7956
-2.04215
-0.0357661
-6.68512
-3.94804
34.3257
-2.51532
33.0915
19.6543
38.3673
11.2422
13.9095
0.786919
0.680337
30.2277
3.75714
-19.3715
3.80609
-1.65333
13.1465
4.81376
29.621
13.629
0.251082
-1.22546
15.1698
22.6605
-15.2415
14.0022
-0.362011
14.7429
-16.1729
1.63823
-4.84459
22.4945
43.1534
-3.18184
-0.139841
14.4989
21.0298
6.77731
10.8578
21.6344
-0.710957
21.0325
40.791
7.14797
44.8524
-14.3346
-0.102103
11.4747
18.3466
-5.06481
26.061
-18.0332
5.86413
26.4703
35.6839
16.5477
-25.8248
33.5461
2.72164
49.4516
15.601
30.452
-8.32939
-7.81226
1.08757
-29.9015
-6.45177
2.25435
10.5895
-23.4942
19.9184
-1.02605
-28.1612
33.5938
-16.0615
12.1093
23.2083
1.16116
-2.9288
-26.1342
-20.3129
-22.4781
-14.5796
6.66522
10.9201
-4.28872
14.487
-21.8955
-7.27528
-4.75847
-3.89791
-0.199815
-32.3577
16.2299
27.6606
29.7734
6.04322
19.9191
30.0026
20.1123
-13.1372
36.1543
22.2126
24.8062
41.974
32.5597
32.2859
-18.7907
12.0661
2.26259
-10.2984
-12.4617
-6.97714
43.4753
24.6956
45.6059
6.77135
-16.0387
8.77108
-17.6421
-2.11078
-4.90814
-56.5903
8.45716
-32.2476
25.0381
-5.81264
19.7458
0.188417
-26.2588
-14.3613
-2.6691
16.7773
6.78759
13.4343
-15.484
23.5892
-21.9231
4.91424
7.6494
29.6563
49.2184
24.0076
14.0704
1.71947
12.3538
-4.21944
-12.1227
32.7521
11.6892
17.0159
10.0545
-3.35872
2.2551
34.2942
-0.0566274
29.1984
0.861485
13.0852
-27.1073
7.10737
-19.1904
35.6767
-16.0187
28.429
15.5419
28.9836
-6.59178
-20.0753
48.4254
-22.5145
7.86252
-10.717
26.8506
63.4265
24.5387
28.3222
7.6659
-28.528
-10.5077
15.311
4.85972
-28.1695
7.90334
-1.8115
43.2073
-7.7973
7.95113
31.9159
5.68121
8.25554
-30.7473
66.9648
9.92766
24.0113
55.8166
5.17551
-46.4435
30.5572
7.31561
5.02428
-46.0166
-7.20413
27.2797
-15.2874
-11.5388
-31.2523
25.6819
2.79363
10.8516
11.0844
-4.5213
-12.56
-15.4949
7.12112
-3.65364
4.02672
-7.4942
2.07746
-10.7354
-23.7662
14.4513
8.17958
20.7396
-5.07388
-5.29373
38.1181
-5.18785
13.2161
10.7059
-7.31536
-1.30189
31.7964
11.5949
8.60814
13.0506
21.4222
15.3124
39.9875
2.4564
-39.4755
4.13694
-8.22121
26.118
-10.4268
-31.9013
7.55337
16.3721
16.0203
1.49101
1.05474
7.98343
-14.1875
-0.767571
23.7453
31.3877
-15.2962
19.1789
-9.16354
-5.54157
37.6538
-7.34393
38.7011
-11.9622
25.6358
17.9842
-1.26648
-15.1197
-47.1198
1.27994
14.4134
-8.33374
-17.8363
15.3622
0.540396
26.7123
18.4053
-32.9135
-14.3411
15.7557
-22.9919
12.8742
3.34933
16.0765
3.78345
-14.6649
3.18727
14.355
15.7076
0.711366
18.0198
2.41201
15.1267
14.2619
23.7806
20.6399
6.40254
-17.2929
18.7413
-22.7394
5.1222
18.1802
14.6688
34.5604
4.8905
-16.1523
7.532
-23.8176
-12.8255
40.8519
22.417
-2.27197
-3.72678
5.61681
-6.58997
-25.0205
14.0523
-7.64814
34.1488
20.8241
1.61653
-35.3241
11.9309
-0.405895
26.3912
-13.5923
14.6494
-21.5343
-7.08678
9.11935
3.97937
-10.7487
18.9785
23.474
27.6655
-6.42664
48.814
-6.19351
35.3643
14.8309
23.3875
15.7378
-12.257
-16.4545
12.9136
21.6794
14.0609
26.7579
-12.6413
-16.506
17.0098
9.04249
-37.6724
1.0781
21.762
5.15971
5.65027
-4.41016
20.6765
25.5322
16.0584
-16.36
17.3949
24.9945
1.23067
7.41298
14.1459
-3.23277
-19.4889
1.05186
-12.2396
-16.976
41.1941
-0.773433
26.4729
21.7678
-34.4784
36.5859
-10.8465
19.3919
25.0253
20.566
6.55079
-13.6797
11.6895
-44.3274
-27.3963
18.2986
12.7203
-14.9328
8.04945
10.8221
35.0947
7.58781
30.7337
-58.0417
-24.6417
8.51143
-28.5191
-20.9097
-1.0986
-1.25703
20.1593
37.6907
2.88443
18.5629
9.38385
-13.1308
-21.3599
-13.9565
8.51446
-8.05218
-1.64101
-5.3109
-14.146
-41.2957
11.2796
-0.183041
5.14806
12.1827
-7.69816
-21.5089
-5.58969
3.27087
22.1412
-20.516
9.15324
-11.6215
-13.2207
37.677
-11.9815
18.5584
-19.5303
26.9238
-6.07701
28.2284
37.4907
-2.19087
5.64544
-24.2713
-8.99735
14.667
-5.82419
-18.1359
-2.51864
65.4066
14.3966
11.5093
-1.27706
16.0615
-2.64446
-26.1282
-15.8831
39.0324
-14.3551
-3.98026
-29.7455
7.78556
-4.14655
-22.073
32.4833
10.1303
-15.4022
34.1115
-24.7046
-22.3741
11.3056
-24.365
21.0277
7.61878
-7.77812
-25.094
-25.5657
-10.4582
-37.769
21.4185
-15.227
4.46613
10.22
-12.7175
-16.1472
31.6334
12.744
3.97871
2.77336
-5.98387
5.23601
10.4651
-1.33185
24.9298
-33.1148
34.8582
-20.2112
38.168
26.8188
-1.90988
23.0695
7.93131
-14.6924
-7.0672
-10.2052
5.0676
-10.1558
16.7585
29.2874
-29.0346
67.4741
8.27861
21.947
-45.2175
-19.141
18.2
8.22652
-0.0028913
17.5969
19.5703
2.58199
13.9945
9.84902
43.9167
11.731
-24.8379
8.08929
-5.45875
2.2586
9.06993
-30.475
22.5421
-13.7647
7.8728
26.6777
-31.1986
14.8357
-11.6452
-11.697
-5.4761
-3.63649
15.7686
-22.7752
-18.9946
14.0134
18.1761
3.53664
15.4316
-25.7869
9.81153
25.3187
21.5074
18.5771
0.457647
8.85116
3.51175
-0.41948
12.8191
-7.82849
2.25601
37.5782
-3.95615
28.1348
20.5521
11.0949
12.9036
-13.4599
-4.21587
12.641
-1.85093
42.2889
3.72815
49.9185
11.5957
-39.6459
3.42486
-10.4912
3.21594
-10.4123
24.8233
-18.7807
-10.0795
-10.8558
-0.878107
13.1184
-26.1754
54.7879
16.0277
-10.0811
-5.23758
33.7949
-3.68969
-14.8668
-3.33351
18.9486
-23.0165
-10.6753
35.7006
19.7621
50.649
-15.7651
2.65254
4.02427
-21.9543
37.6968
0.856946
3.83012
-33.9069
10.2949
8.17318
4.95234
35.7306
15.091
5.39613
-22.3451
-11.2358
16.0537
30.1038
-7.99177
13.5426
35.3252
2.53935
13.984
-4.81236
-19.2238
38.6071
15.7545
-9.87109
15.2955
-6.55867
-21.6773
-10.7392
-4.22248
-7.44792
-9.86429
-14.8056
-18.2139
16.3394
-1.72802
11.3276
19.4744
14.0747
-3.76903
-5.24027
-10.3664
18.2348
12.5492
2.4139
20.3913
-3.75377
31.5859
10.1108
-6.60125
22.9816
7.60465
10.441
-20.4346
-16.1653
27.9736
-2.9293
13.5236
11.1804
10.9095
-39.4333
9.39892
-1.79375
25.4861
-6.19029
-10.5423
17.0202
2.64957
-26.3801
-40.0184
3.21741
2.34384
12.814
-14.3177
28.992
21.6212
-2.12973
-7.91727
2.43556
-19.5892
-26.9476
-28.4193
34.8578
2.55363
11.0817
18.7583
-29.5507
-3.07809
8.21957
11.5968
-46.7763
10.4643
33.4926
26.3396
-7.95993
9.10809
29.5685
5.87488
-5.63323
1.41608
5.02
21.2228
23.05
14.6668
22.2099
-15.3467
-3.95428
-7.36913
43.8469
-5.64872
30.1068
-5.96643
30.8984
19.386
-9.63242
-3.94361
14.1961
-12.3749
-12.5561
-1.505
10.1092
7.31539
8.06388
-12.6479
26.1253
-9.67854
8.42894
27.1824
36.7831
8.81429
7.40894
-4.38769
-8.09924
38.7982
18.3676
5.7537
2.5072
-10.572
-26.7416
-8.09477
17.1793
42.6739
-17.2456
-7.72984
1.203
8.07596
-9.81918
-14.8517
4.3627
28.1967
-1.10601
1.03916
16.2085
-25.0059
-2.2747
60.6515
25.7077
26.1933
-2.93238
-2.44952
-5.4299
13.3824
0.234438
23.7703
-15.0757
30.016
-6.22474
26.6513
-15.1008
41.0526
-9.08517
11.466
13.4722
-28.2393
12.0494
-12.7884
-0.69158
1.21446
13.5829
5.80212
-21.2002
-3.01317
17.2107
10.643
27.8962
5.09209
-11.3413
9.37174
-9.28912
7.11133
36.8781
-5.50695
24.7517
13.6611
5.26238
-5.8274
-13.7825
-6.99666
10.4728
14.5616
-0.393161
-37.5808
1.84988
-18.7852
45.1075
-5.20786
16.1929
-21.9915
26.1408
12.5116
33.398
17.0336
13.8724
6.8994
-16.09
28.1883
-39.4153
10.9462
-26.0386
2.86674
-5.88903
29.7245
14.2531
-32.202
-2.26326
-22.4918
18.1469
10.6367
56.716
4.06188
-11.5116
-16.269
12.7385
10.6436
6.16193
8.29079
-5.02612
4.23858
-12.0976
-27.338
6.3594
31.2625
-9.28542
-35.3377
13.1592
-11.9789
22.8832
-5.69069
31.1786
14.4449
-12.8819
16.3257
-5.84252
-7.26458
19.4152
33.6891
19.682
1.93999
-16.5858
37.8232
-21.307
16.7231
8.63645
16.0026
32.826
11.5498
-10.4474
-3.30809
24.9673
6.23185
27.8729
5.15084
38.8056
-1.59006
-4.26393
40.7599
-11.217
14.0699
-31.3886
25.5151
29.0164
1.91704
-18.4092
31.1942
-30.7523
-13.7501
10.859
3.84334
23.1145
38.6644
-6.21893
-18.96
24.926
-0.445255
45.1437
-11.5554
-22.57
0.174853
-9.10076
-3.45465
5.34349
-26.1237
1.36869
3.25151
-11.9651
28.9826
2.62848
4.04326
13.051
13.099
53.8396
14.1675
-6.43903
55.7144
-27.7829
31.9728
37.2815
25.1965
-39.6596
50.4168
8.08539
1.68984
6.23779
5.37967
-2.94658
-9.47639
6.26059
-18.0264
19.0995
22.7985
-3.12786
8.51481
30.3603
-10.7495
19.8755
7.37031
-15.593
12.7142
-13.7124
20.6268
40.4577
-21.0261
6.90252
8.92109
18.7952
4.68637
15.308
-11.1307
-0.450107
5.88348
20.7323
6.45409
-7.09985
15.6509
38.2792
18.5929
-8.18178
36.8711
3.79795
-2.59556
-2.55465
12.5151
1.41339
10.6537
-19.5245
-8.01108
-0.528446
-31.5214
13.4541
0.769295
-19.5168
-12.5287
-21.4375
20.7055
-22.4039
5.77016
-32.4622
2.45575
-26.8389
-13.2992
4.10684
8.02184
5.38923
9.70728
-8.03374
35.6098
-3.90748
10.3434
36.5809
-29.8001
-23.9773
-10.0033
15.7605
10.0462
24.7675
-16.9133
-17.6096
-6.97257
17.9142
19.3017
16.6691
24.8057
-4.45666
28.3427
15.2767
5.55446
4.74726
9.03703
-11.8225
4.95682
0.111863
-6.20556
16.9554
-25.2545
40.1987
13.0264
5.78152
18.3196
-26.1972
7.18456
-0.072288
-15.0817
45.3643
33.7075
-10.8579
31.8873
2.78676
30.0852
-2.57705
14.1706
-0.963473
8.24071
49.2573
20.8596
19.4874
-22.9061
-1.6041
18.6733
-16.722
-9.22755
-4.21482
21.8882
-14.3309
8.44787
28.9778
-7.81436
-15.6844
15.1638
-5.23415
-20.9517
13.3381
1.23793
-5.93957
35.4938
3.05763
8.16931
-12.0345
13.5357
11.1376
1.83084
-3.72688
-12.6914
6.64661
42.3915
41.0589
7.22451
-14.2422
54.3382
-2.79109
4.41108
-5.43312
19.0667
47.3975
12.9585
25.4023
32.4676
1.2986
-3.97037
16.2392
-15.1852
-1.0317
-6.36862
-27.6676
-19.209
43.6727
-0.241063
50.6438
10.911
11.593
-30.5096
-16.7558
9.83784
-9.39269
-34.0192
10.8608
6.53127
-19.1303
15.6842
-19.7874
1.85215
-18.5417
14.5534
-11.4712
-14.6832
40.155
11.7902
51.8452
-20.3164
39.4034
49.9262
5.26548
-22.5405
-18.8329
-7.91281
-5.66101
-11.9326
14.2836
-13.3774
29.001
-20.4527
8.30995
6.75325
-2.63764
4.96872
5.48568
-23.483
-7.10604
-32.785
-7.72525
9.57123
9.75186
32.5852
-17.3916
6.68155
-23.0946
4.18616
6.74542
25.8689
23.528
-8.96851
20.7252
-12.6853
-1.74394
5.6035
8.2789
11.7415
-42.6639
-10.4625
-6.46708
1.83031
-2.39725
-13.2123
2.91097
1.18799
3.89237
15.9954
-31.9147
-4.0528
-30.1822
-17.1218
4.17832
-6.49546
12.0087
-21.5056
-5.21251
-8.25325
-19.5396
38.636
-10.9403
-9.37171
-0.107638
16.067
2.32222
29.0011
6.44791
36.8679
13.5412
22.5917
19.1571
17.5396
31.1739
13.6204
-24.897
8.57159
-16.0906
9.66623
-1.6063
24.3714
-9.65667
-9.68605
-11.965
13.4166
-2.90093
-0.808803
17.5825
-9.44891
10.337
9.37135
12.7598
26.9645
38.0467
-19.7666
23.3348
13.6786
7.90323
-14.8895
14.2321
-28.8237
22.2242
-4.7104
-13.3069
19.82
30.0839
-11.8484
-11.5986
16.5045
-16.9535
18.906
12.3619
27.9667
2.1625
45.6651
-8.89581
-30.887
7.66957
17.2304
9.84023
-19.7848
0.435866
-14.5707
2.72057
41.5047
-3.60866
-22.7688
29.6484
43.9315
-2.46642
31.2243
2.84429
26.0731
11.5045
12.7441
0.498759
-23.4769
-26.7331
7.67549
22.3039
-3.4807
-17.8487
27.8681
16.817
-1.20991
-14.7859
-12.7149
-8.52055
-1.77093
-14.095
16.5885
-3.34616
-15.5669
12.0304
-0.219611
-2.20769
10.1804
30.1098
-8.94439
-28.1158
