-4.95496
-6.83641
5.91421
-1.16576
0.62957
-5.14011
4.50841
6.01556
16.5206
16.8313
5.35589
5.42361
19.9309
1.59693
0.600478
-6.3303
12.0789
-5.49005
0.372666
12.5839
1.43623
4.05401
11.0656
13.6612
8.68915
0.891823
4.99892
9.34297
15.8897
5.61408
10.3827
7.1379
-5.51994
16.1179
-1.72788
0.878148
13.0926
6.06051
2.25251
8.38304
9.67844
1.52627
10.6575
18.432
-3.65459
4.49469
9.36526
-6.02392
8.24123
4.82139
0.73377
-2.7715
10.6662
8.91013
3.33416
-4.4504
2.83713
16.4458
5.6885
4.66729
8.09083
0.321607
-1.11734
5.87364
15.5802
5.92048
-1.86837
10.5885
3.92983
11.3082
11.0684
8.68339
13.6884
6.23933
2.76744
-7.60571
7.48337
-0.24021
4.36668
7.30673
12.3911
2.07579
11.0681
7.87062
-9.69605
1.14476
14.4854
-8.79598
0.936646
-2.07154
14.1503
14.386
1.32826
13.2064
5.68118
9.11476
0.137103
8.46133
13.6028
10.7665
13.956
3.50982
10.6987
3.11458
2.28656
15.9429
4.60625
4.89088
-5.69158
10.8001
5.79006
8.1996
-6.9629
13.9164
0.89082
6.85208
-0.317978
1.54958
-1.67627
10.2786
-7.83733
0.734655
15.9207
-1.65659
10.8329
9.01996
1.48971
-1.37739
8.71989
-0.43069
3.01204
6.49695
4.07574
0.518222
14.5675
-5.81384
1.02937
16.9714
12.295
-0.973618
7.4632
13.925
4.93444
17.1678
10.0228
3.90164
1.40178
1.2566
10.7056
4.25062
3.10394
-6.30092
10.8014
4.52824
16.6689
4.09668
9.18454
10.7359
-2.97446
10.478
3.78574
9.28571
-16.6506
-5.47805
5.20264
5.10397
-4.49694
10.9601
3.45653
14.2611
-9.08435
3.57521
21.4262
-7.9003
-6.55516
2.83839
0.509923
19.5142
1.09377
9.92245
-4.28206
14.3074
-3.39518
0.64855
-0.096002
2.25172
-5.04188
14.4423
-6.02743
12.1485
11.9884
12.5866
11.8488
8.42275
-5.78612
1.80826
1.43267
-2.83019
-4.09284
17.0111
4.26322
13.2851
8.52897
20.1762
8.33463
14.7063
6.27068
11.2405
-0.27649
8.8916
3.01199
-1.56222
8.59008
5.31319
2.77545
14.4781
12.2384
2.94358
-0.74338
-2.97204
-1.87614
10.7301
13.141
16.4031
-8.20703
6.55218
1.14382
-0.686142
-2.24995
-7.82587
-0.494435
-8.55011
-1.31815
0.0180713
5.82656
13.8956
4.08118
-0.13881
-4.30888
15.1351
3.41302
6.96794
6.13431
-10.4097
2.89533
1.37303
8.32615
-18.3949
13.2212
4.50381
22.8591
17.7707
-4.29666
3.71
-7.4254
-0.456845
5.84393
2.56784
-5.28977
8.49448
4.39532
3.33732
11.977
7.31261
9.47319
15.3278
8.09575
15.4644
6.8576
-1.64481
-3.20533
-3.17323
11.8089
3.41598
4.24547
-2.83184
7.62434
-1.53145
21.7294
11.2981
1.81059
1.61393
10.744
7.9363
0.867935
-5.04122
-0.347101
9.17595
17.4292
1.74554
3.90405
-3.09
3.59249
7.42677
8.25974
12.2188
19.7996
-5.16984
13.477
-9.50239
10.3255
1.02345
3.24232
0.760224
2.27132
3.37297
3.92147
-0.755836
11.3394
-10.942
9.91794
-5.45493
16.0843
5.48439
4.5572
-1.99668
12.662
3.54779
4.88385
-1.51786
7.47585
15.5187
-7.24347
6.11925
10.0685
3.50058
-4.3555
-1.4799
3.20901
8.39743
6.12107
1.1724
-1.80027
10.186
26.0676
15.1954
8.64183
7.47654
0.938764
8.02537
0.482062
3.93013
-2.31275
3.64048
2.45195
11.197
11.8494
-6.57212
9.24675
5.68657
-9.69655
7.76072
0.22062
-3.54132
-7.59593
5.06732
-1.09113
10.7295
-5.07404
3.55407
-4.68571
-4.12756
16.4878
6.66346
-14.0993
8.95301
22.4437
10.4731
9.65225
0.703961
10.0387
0.503047
1.66773
8.60928
10.1001
5.31944
-1.20972
-0.708029
1.94832
-3.25572
-1.55509
0.728658
3.00368
4.5881
10.6131
-4.04368
12.9901
-16.9889
6.95518
15.1151
-0.706692
15.5846
19.1753
2.32842
7.15813
2.74509
6.19695
12.3981
-1.32186
-12.0908
-5.39943
4.20786
13.4702
-5.63101
6.24556
9.19303
3.76095
8.6827
4.95461
1.12114
2.73086
10.8636
12.2164
-2.46124
1.61291
2.52851
-1.23842
7.27498
0.309301
6.00268
1.38466
1.47971
5.54441
-0.66915
7.23934
16.1199
2.99446
6.74337
6.41968
2.90889
8.34429
5.44891
7.19817
-6.08544
14.5094
8.44087
13.9811
10.3349
4.60286
6.84105
24.4627
12.0779
0.713662
2.36622
4.41026
-0.487596
5.44163
11.4547
2.175
10.5447
1.30667
13.9107
6.05028
17.8999
-2.85654
-4.78487
-1.7973
2.20201
10.9791
8.15883
4.50942
15.9519
13.7437
11.8734
6.85745
14.1612
18.6347
-12.2033
1.48347
12.9056
-3.66492
5.28128
10.3034
9.15209
3.25483
6.42313
-1.15994
-0.340032
-1.19964
9.54316
7.41151
-2.72444
5.88254
3.17963
2.91079
9.43329
6.08356
-8.8672
-21.1338
10.139
9.78202
6.27609
-4.65798
6.83253
3.98831
6.5763
6.73328
16.7409
-1.80264
12.6448
6.29771
9.47928
8.24627
15.9457
-4.88578
2.65239
2.42277
20.6956
15.1361
13.1283
2.69134
0.94461
-2.91582
4.95086
1.85041
14.7348
14.7601
3.38768
6.102
-1.05271
0.0134585
-9.01333
-2.9248
3.11968
-13.1528
5.42118
10.8945
-1.56547
13.2135
2.08824
7.46478
9.9992
-2.1069
8.45209
4.5987
2.04665
-6.11632
12.3158
-1.81027
11.4964
-1.22187
0.400852
-6.58276
6.1116
-4.09605
-0.297425
5.94826
7.90911
15.9763
2.69225
3.73362
7.254
0.577838
3.55011
5.85907
9.60723
5.74626
6.5875
6.0163
3.8188
-2.92921
-5.23588
1.25096
-4.48486
-3.72213
5.92058
-1.0824
11.2947
23.1995
0.259408
1.21928
2.99584
1.5795
6.44326
10.1308
5.0642
6.82992
14.706
3.05496
3.80453
8.35494
13.8246
8.98096
8.41237
2.98832
12.0473
0.83758
8.6265
-5.72956
8.71938
9.18137
3.48106
4.44228
-6.33062
15.107
19.4278
2.92545
13.2385
15.1356
5.47793
0.754411
11.8168
9.94314
4.33839
0.957948
2.43593
8.36042
7.46415
2.65474
-9.03032
12.6553
9.87312
-1.68907
6.2689
-6.19059
0.368715
11.101
2.67243
9.09909
6.1896
8.06677
-4.81997
13.4708
14.9173
9.02403
2.32443
-4.39167
-2.90192
7.57418
-6.76812
-0.0145491
2.47098
0.410471
4.11801
17.1933
-2.18776
6.44976
1.7133
2.09467
6.8937
1.51935
3.68392
12.0649
18.3412
5.5613
14.9899
-2.93776
2.9905
6.30853
13.0491
5.31852
2.55538
11.3442
13.8869
15.807
2.20026
1.28391
11.0209
7.00864
0.623388
7.82375
6.09762
2.18126
0.277889
-2.32769
-1.24607
1.17487
11.2172
5.65114
7.35293
13.1073
21.2106
4.94599
7.97604
2.26868
8.27744
16.4317
4.21754
10.5066
16.5611
1.08574
20.5419
18.6809
11.7582
9.17122
-3.78683
8.65954
-5.45519
3.49855
6.81546
4.99001
0.46837
1.05887
3.32342
8.1451
16.8364
-4.01649
-1.63203
-4.64849
9.0607
10.5763
-3.69582
6.52045
7.6933
3.14023
17.2685
2.98936
15.8038
14.3428
0.177544
-0.662948
6.22132
2.22469
-1.78963
1.19109
2.37162
11.5946
8.95053
-2.17955
4.59194
12.8879
-12.3401
15.0499
16.1528
1.20157
6.81675
0.949309
-1.21566
4.13392
6.93223
9.87961
-0.730648
7.29968
-11.3227
-9.26174
2.40657
11.6974
12.8278
-1.35511
19.0349
14.4128
-4.47985
8.64909
0.0171175
4.73579
11.6589
11.1135
-0.073128
11.4068
4.8727
-0.812049
7.49645
18.134
19.0966
-1.2226
9.9635
10.3999
-4.94267
4.6849
12.5955
12.9834
-5.11436
8.16035
6.28056
4.57223
16.4757
12.8905
-4.2515
7.63801
-4.00627
7.9846
-10.6632
1.92725
6.5648
12.7176
15.6631
7.95451
13.8293
14.346
15.8611
16.2849
4.80409
3.22644
0.378526
6.47141
-3.14404
0.476662
15.6707
1.03547
-1.4621
26.9358
1.79046
4.57866
10.8187
5.15589
-8.53421
20.5315
-2.58898
8.36275
2.82922
5.51979
6.55681
9.84672
11.9499
3.94189
1.28421
5.03576
7.9694
4.593
9.95494
16.8028
17.0658
3.84683
10.2365
-0.991997
3.76825
9.06578
10.6296
7.52778
7.57684
6.41079
-4.53567
7.33898
-3.05749
6.22446
-2.49355
0.248289
-2.41738
12.4261
8.39725
1.99202
14.6873
16.0134
-6.59606
11.6341
-4.71295
-1.82624
8.77126
7.1004
-1.26708
16.7412
3.14501
-4.56679
-12.2763
18.2195
-0.0842823
3.46931
10.688
9.25262
11.949
-5.50077
13.0816
4.4541
19.0309
6.05884
14.0633
-2.36658
8.29962
3.56407
4.10455
2.71581
7.57652
4.13013
-1.59952
9.444
10.2929
1.78441
8.50837
1.13008
11.6972
0.40258
-2.19267
5.82602
8.84398
18.5085
22.4406
11.1743
7.04999
1.15797
1.35171
-0.624747
13.3526
5.45179
4.51056
5.75028
-2.81465
10.8624
0.601345
2.6092
11.7661
6.05755
4.63556
14.1176
11.7819
2.69694
5.44438
-4.29819
0.667983
0.632164
-7.37096
18.6649
13.7671
-0.353177
7.39318
8.16416
8.8614
8.13403
4.55159
6.19269
0.899297
-4.04699
6.54591
9.10008
-5.80246
9.83192
11.6771
-9.282
14.1406
1.39248
15.7245
-5.12675
-0.201766
7.26719
1.91664
14.8727
14.8032
2.28494
16.8644
-1.78379
12.2106
9.91027
5.77635
0.677332
-8.98332
3.54246
2.93425
6.59577
2.94098
0.530103
5.72783
-2.80473
10.2244
0.911403
10.3901
9.35278
14.5829
-8.1757
-7.45002
-1.23951
1.59496
12.3952
19.5789
4.22261
13.1833
1.96424
6.10769
5.27305
7.24884
1.92013
-0.859437
-1.82176
-9.28166
8.17519
11.166
-6.84939
4.26756
4.01918
2.54142
-1.76836
9.5214
9.28654
-1.20362
-0.00613768
6.34213
-0.784295
7.52215
2.54708
-0.155482
-5.00156
13.864
5.14787
10.9838
8.74539
8.2969
17.0603
0.896906
6.11313
14.2667
3.11983
-5.11139
0.136811
1.98333
12.5172
-2.68429
5.70569
7.09398
3.91183
10.8819
19.8259
-0.375341
16.2704
4.83305
6.37871
-15.8835
2.98745
9.10584
0.986835
4.04708
-3.84472
2.2366
3.45555
-3.07894
12.3525
-4.25125
1.30429
6.22814
3.90407
7.07793
0.536471
3.62287
12.1768
17.0256
3.08383
16.3934
6.5786
-0.389262
8.35855
1.50617
2.56799
-0.456638
2.01555
3.99234
9.45006
-1.3697
-2.28435
11.9443
17.5894
12.9665
-0.120967
-5.37868
1.61118
19.9433
-2.88877
8.72583
6.12355
6.14857
9.85731
12.1028
0.711978
2.86512
20.7339
5.4186
-1.46805
2.32999
5.31415
-3.39873
8.474
10.3147
6.94261
0.62607
13.9183
20.5619
-1.73895
15.4739
-3.42078
11.1377
3.77873
14.3585
3.13708
10.7297
0.915101
7.0724
-6.59378
3.78259
12.5567
12.4338
8.70142
4.08233
13.5008
-2.93734
3.49521
-6.16422
2.65486
2.72673
22.1931
-5.64435
16.2111
-0.1829
9.42681
15.4515
6.96901
2.63817
-1.95788
13.4679
-7.38462
8.04458
-11.9022
2.95842
10.6432
11.1759
5.85569
14.8635
2.7689
-5.44538
1.60079
2.67616
2.16689
20.4361
-15.1521
4.75963
6.67945
3.62808
1.07273
4.32861
-1.09204
1.12836
1.17508
6.92332
5.08887
2.71058
-3.55747
-1.85078
-0.865566
4.8646
8.30392
13.4311
4.74504
9.75817
19.1582
8.99793
-0.179897
0.0692167
0.878793
17.3389
9.82407
15.3323
0.886513
7.33171
2.1743
-11.7678
3.67451
-5.61075
14.737
5.63306
2.84494
11.1004
-3.09611
4.50053
4.8317
9.83578
-0.583003
0.670439
12.144
8.14082
7.39804
5.63403
12.6838
5.12496
15.3019
5.2847
-5.62867
1.02837
-3.57532
1.20929
11.5974
-4.67041
3.7763
0.695029
2.7361
-4.19584
-1.72779
0.696912
0.912204
-1.58778
4.7324
-1.8248
0.250546
4.15136
4.27743
-3.78994
15.6155
-0.271665
-0.259639
4.99977
4.37962
7.24924
2.3545
12.6341
-4.21644
7.60808
-6.18314
-4.68741
19.4998
14.1391
5.38802
-0.420818
9.23638
10.9261
7.64969
0.759493
2.20248
3.1452
15.7056
-3.52952
-0.385291
5.01242
12.2347
6.67152
4.19033
13.5849
14.7793
0.621208
3.11027
10.1065
4.60619
-6.21564
-4.24524
5.64205
9.00102
16.4013
1.45559
-1.93044
0.14984
0.0181716
6.88834
-0.653327
9.46323
-5.99414
13.5195
0.709311
3.92686
3.36692
2.69513
4.38531
1.64592
5.39494
-8.10564
20.3951
13.0596
21.8915
12.4132
3.85846
5.07787
19.1493
5.03824
7.36191
2.27468
13.2746
-3.76273
3.15384
-1.12874
-2.59383
-1.40396
4.07901
16.2609
1.19305
3.06343
7.90013
7.29827
5.8818
-4.50817
15.9625
0.830866
6.76872
11.0029
9.26744
-4.5404
0.558443
8.31369
-1.39462
20.2406
17.8291
6.39288
6.2462
4.76505
-2.28172
12.3004
12.7765
15.6176
21.9215
-0.598165
-0.16386
2.20126
-13.3813
8.23657
2.67847
7.78921
-11.925
5.69564
18.2674
7.76291
3.3777
10.3402
6.8337
0.806396
-0.110276
3.77941
2.15961
6.80064
-9.31998
-7.00831
9.05349
5.25774
-2.46594
-14.3608
13.4244
-2.37255
-2.10868
23.5603
3.71158
5.23918
2.11073
-6.20771
21.6494
1.57807
19.8889
10.246
-2.18316
15.3476
-8.47902
11.8451
15.3312
12.6157
1.7705
6.51329
14.5336
5.53227
7.83534
-5.94097
1.88342
-3.69757
6.30824
7.42897
10.0116
10.836
14.4379
-1.31864
0.985438
2.93904
4.11007
1.29941
0.0657092
1.96083
9.69103
-4.32543
17.479
15.5877
9.02031
9.28169
8.88733
8.75319
-0.850062
14.0575
1.12202
9.90031
21.4004
9.06064
5.08757
6.2986
0.137526
4.23819
11.6868
7.00252
9.28909
3.76816
3.64933
18.5785
5.3907
12.319
-4.03662
-5.67011
1.1854
5.25249
9.04239
9.10132
2.31869
-4.95238
-3.91858
7.88982
1.50254
-1.87921
17.2286
4.91284
14.1908
-5.58158
-2.21348
22.7053
4.32974
4.95337
6.79935
-0.712394
8.15559
-1.96323
10.8802
2.41481
-2.41518
3.86207
17.1889
-2.5005
7.38722
-2.15372
24.5456
0.795964
9.46425
1.43977
16.3144
2.40435
0.339485
-12.656
6.40559
-14.2483
9.34871
-4.23365
-1.46795
-3.185
0.700357
-5.02781
1.18915
5.06584
-4.44102
-3.19139
-1.71774
5.60687
3.40728
-1.5625
-2.09057
2.95883
3.8569
-7.85754
-3.25689
-0.709882
7.34278
2.48033
11.8274
11.5182
9.66937
2.07142
6.00571
15.1771
7.39158
1.88023
10.4734
1.19616
7.66923
17.7521
15.5801
8.40815
0.350798
3.10104
-7.80565
3.5339
3.27563
4.30522
12.9086
-4.02543
-5.09369
9.69533
-6.23324
1.93776
6.76843
11.1742
9.37621
-11.539
-4.87931
3.01828
5.56334
9.06099
13.454
0.733939
5.08816
6.55688
8.63613
4.91089
5.17854
-3.79328
-0.528964
-4.24297
7.64047
4.59846
9.84523
1.11884
-5.68732
-1.67209
11.8674
-1.92099
-1.02895
-5.42187
11.54
-1.66305
3.69466
-3.7904
8.31773
-4.3426
21.6974
14.6162
-4.49689
1.96145
11.1101
6.89146
4.51338
7.44047
-5.07752
5.85734
8.53313
16.225
1.67653
-2.37428
-0.0796487
-4.31844
-10.3982
4.51573
9.68214
-1.56883
-2.81686
11.4636
12.9896
19.6022
10.4306
-1.17775
0.622468
5.48448
0.705273
5.94007
-4.00207
4.1999
-3.40529
-5.99636
8.42352
11.097
7.5468
8.58876
-0.731395
-2.34077
1.90213
7.90206
2.71899
-10.7701
0.838153
13.5482
10.986
6.33413
-2.30096
7.42555
7.61192
8.56173
8.65863
4.90753
-5.51733
7.14631
9.09292
3.15836
11.4413
8.13573
-7.17762
-1.21619
1.48142
-5.53466
16.0121
8.65177
14.1739
12.6419
6.40938
-7.01925
13.8169
-7.10093
2.50861
4.78457
-0.217614
10.9645
9.21709
-4.36369
2.18294
5.01648
3.86082
8.7578
-1.11254
8.31818
17.4044
12.0534
8.78739
14.0565
-7.45619
-6.40874
5.95016
-5.003
7.42665
-0.671599
13.8906
3.53877
5.85722
-0.33903
-8.2359
8.48335
-5.88044
1.48209
0.45948
9.01078
-0.704177
-1.78447
3.31602
4.6169
6.00287
-1.50322
-5.29214
8.75766
-2.51067
5.18703
7.60377
-6.16796
13.741
4.56252
8.12917
16.0537
7.64865
8.35375
3.92912
1.14457
-3.93391
13.3109
10.3549
10.6815
9.88545
-0.981698
4.64608
-1.66013
6.53174
7.46236
16.2785
10.2708
4.9806
2.64578
2.3853
-2.32779
5.23085
8.65224
12.1197
-0.511329
-1.09915
2.24618
4.19474
5.36686
-8.3684
1.44798
2.95027
12.5186
4.15415
-5.5351
6.20358
-3.08917
0.812902
5.66471
15.6722
14.1554
6.10764
4.12318
17.2233
0.632556
2.63959
-6.25904
14.6732
0.753144
-8.77605
1.47123
12.7904
9.75927
4.45313
9.18661
-3.2933
0.888336
-1.925
0.63734
11.1435
-9.6713
9.08224
-0.657517
2.70344
6.02217
10.6894
2.58966
4.98185
-6.83311
7.41396
10.5025
2.6675
-7.69432
9.58215
-11.6522
-4.35215
4.48471
15.7231
10.0591
-4.19995
5.07556
14.0516
-0.223227
-3.76512
2.37088
14.3867
3.85913
13.8695
11.3247
-10.7447
14.0029
-12.933
0.924494
3.51357
7.69738
2.96775
9.37657
-14.894
-0.378869
6.39756
2.24298
-9.25979
-4.19677
15.8705
-4.215
-7.04116
9.62332
7.88552
-2.48181
13.2969
-2.37643
1.54035
4.62022
-0.422445
13.9062
-7.50986
9.17562
2.93763
-0.645655
14.2136
11.1911
13.938
-2.54897
6.34146
11.875
0.397417
14.4904
2.17129
17.5662
10.6856
-8.55
-3.605
1.00772
14.9108
12.2415
-1.35284
11.8933
3.2079
1.26575
6.35504
9.20355
10.5885
-4.25291
13.569
1.52375
4.46514
1.25607
-4.55361
9.65663
-6.58128
11.616
13.1255
4.75277
-2.43752
0.344357
3.77934
2.47314
-7.33326
2.86778
-3.65989
10.8668
16.5675
-3.73221
8.93793
7.55205
7.01948
-0.619897
7.35658
-4.36883
13.2822
17.2452
7.39194
-3.90721
17.0185
4.53733
-2.06233
5.51213
5.65733
4.86294
11.3277
-5.3052
11.5899
2.55458
3.20834
-2.84733
0.822019
6.32469
5.22343
4.09145
2.26482
-10.2032
19.6683
5.6713
15.5259
1.40682
4.90641
9.50287
5.42051
11.5522
3.59352
9.30394
8.62914
3.73758
-7.9183
12.6393
4.98865
2.83418
3.02467
13.7652
9.143
8.80762
20.2793
2.95558
19.4891
2.65965
6.49351
7.45724
6.50471
2.74461
2.89985
-3.64009
-1.67182
-15.4323
-1.90415
2.84289
10.5004
-0.728877
11.365
-7.23126
2.40502
15.1325
6.35068
-10.2969
7.07035
12.3173
1.98348
3.42367
0.162617
3.75008
17.7305
17.9023
1.31717
11.6801
0.85387
-4.34754
5.92654
2.23816
2.79027
6.35509
0.287526
-1.82377
-0.0889461
11.8076
16.221
12.9544
6.71299
4.7308
17.0122
-0.614746
-4.79728
-1.8606
13.1968
4.4696
9.59872
-5.84436
5.38486
11.393
-3.25303
-0.997557
-0.46827
16.322
-6.30896
6.15555
22.5964
0.0953069
9.08094
14.4014
-5.85398
10.1078
-7.13962
10.9099
-4.0064
-1.00678
7.08311
-3.54749
9.6248
-3.86912
-0.550031
12.1034
2.45879
15.6146
16.7724
-2.52153
3.89628
12.486
19.942
5.70411
10.0336
-1.30053
1.99305
3.0084
19.2601
11.8681
6.46637
4.45039
0.00301845
2.28753
1.47555
9.0468
5.03098
4.64478
-1.17595
-1.2123
-7.84982
0.677125
14.898
6.37605
-0.669255
8.46486
13.4278
10.6571
6.92576
-7.79691
5.75067
16.4663
-0.72043
3.81473
-7.51759
13.7683
-1.20018
-2.67188
-6.15336
8.88991
1.31265
6.30602
6.98497
5.18506
-2.23545
9.16927
3.52853
-2.01131
-6.3783
2.83445
6.99494
4.65401
11.0381
8.91995
0.97266
2.78793
6.166
-6.08849
6.8881
3.82166
5.6818
-4.93559
11.7895
1.97606
5.34452
10.6671
1.22126
11.0173
3.84303
5.4317
6.95429
3.46731
0.787801
10.1453
12.4897
6.61961
2.30649
1.83517
-5.59255
-7.26193
12.158
13.9765
-3.99944
9.86136
11.8692
6.85661
9.29615
12.8915
-1.54352
18.7143
10.3172
-5.06591
7.93445
9.32583
0.948643
