1.05852
0.50782
1.16164
1.6758
0.7483
1.2105
0.964692
1.7454
1.66342
0.494977
0.453805
1.10053
0.840138
0.729089
1.3694
0.87679
1.03366
0.992879
1.09728
0.729424
0.445319
0.671976
1.56875
0.852471
1.66762
0.997265
0.108536
0.79089
0.893581
0.452997
1.16635
1.50527
1.01304
0.86024
1.6133
0.517346
1.13386
0.404072
1.08276
0.135544
1.49074
1.07967
1.47907
0.956208
1.34249
1.06797
0.635421
0.306291
1.16874
1.21539
1.14225
0.707851
1.35061
0.855758
0.930719
0.646232
0.824777
1.56726
1.40148
0.716592
1.45929
1.02015
0.520346
1.85872
0.625985
0.549778
0.915911
0.554531
0.143421
1.26574
1.36151
0.519818
0.856471
1.46206
1.05296
0.824555
1.30013
0.931702
0.81082
0.687244
0.401344
0.804131
0.823555
0.829537
1.39681
0.991587
1.93948
1.70036
1.80205
1.27755
1.53202
1.47197
0.338567
1.00494
0.971533
1.4929
1.08529
1.35951
0.909692
0.90532
0.978232
1.30424
1.90889
1.69975
1.45929
1.66992
0.953972
1.13157
0.870818
1.3416
1.2185
1.17941
1.61974
0.757462
0.723416
0.551883
1.12687
1.05509
1.9351
1.18131
1.61878
0.34632
0.735756
0.642727
0.160872
0.772067
0.617642
0.610135
1.6183
1.33666
1.25419
1.23944
1.45749
1.6646
0.42383
1.82374
0.260173
1.85829
0.890193
0.427772
1.05123
0.603243
1.44103
1.67076
1.09846
1.15122
0.978887
1.20911
0.900555
0.565107
1.46949
0.783836
1.0242
0.424621
1.04984
1.34151
1.00512
1.36132
1.45524
1.00476
1.32287
1.28094
1.21104
0.737207
1.27633
1.25653
0.203428
1.15845
1.53209
0.758508
1.26238
1.64618
1.66062
1.46144
0.838611
1.11372
1.30323
1.10016
1.10782
0.856827
0.589011
1.07679
0.28492
1.30336
0.888134
0.64306
1.43901
0.985165
0.446004
1.05329
0.301976
0.779815
1.63131
0.97015
0.617444
1.24379
1.02065
0.615811
1.31058
0.731513
1.211
0.766792
0.817567
1.3049
0.160302
1.20426
1.40815
0.394054
0.870467
1.02264
1.32503
0.180537
1.22458
1.2467
0.25037
1.36237
0.942708
1.66306
1.37144
1.12116
0.534694
1.3288
0.888889
1.74361
1.0119
1.58741
1.14556
0.361497
0.856578
0.424334
0.799869
0.410069
1.77479
1.1288
1.14015
1.0606
1.95378
0.639634
1.55592
1.21667
1.22525
1.67486
1.17886
1.48153
1.04188
0.571497
0.839411
0.475608
1.47185
1.85342
1.11565
1.50219
1.31262
0.812588
1.05503
1.3416
1.53576
0.596682
1.71896
1.3063
0.672294
1.41593
1.26482
0.687555
1.07867
0.264593
1.0649
1.29129
1.59828
1.11929
0.707722
1.22062
0.69712
1.05261
0.977983
1.05338
0.273888
0.543469
1.05707
0.775262
0.470966
0.617691
1.77357
0.878181
1.4926
1.2787
0.641492
1.6775
1.27414
1.0203
1.14814
1.14717
1.4127
0.968008
0.344907
1.32395
1.10584
0.960857
1.11617
0.539014
1.07709
1.30139
1.0753
0.686444
1.38717
0.587922
1.69671
0.486896
0.786479
1.06011
0.669337
1.46937
1.6678
1.05135
0.532864
1.17804
0.558862
0.60299
0.368521
1.06526
1.85447
0.845389
1.18292
1.6608
1.20304
1.2576
0.903363
1.15483
0.936472
1.80328
1.33556
1.7592
1.04568
0.533093
1.10458
0.855687
0.992633
1.37768
0.84492
0.172409
0.718209
1.65447
1.76575
0.625498
0.886242
0.671431
1.52369
1.14189
0.425268
0.990171
1.52523
1.14764
1.50318
0.72426
1.08359
0.812888
0.407307
1.75668
1.56522
1.23844
1.30935
1.41452
1.1197
1.46172
0.621926
1.63389
0.431961
0.312798
1.16434
1.10823
0.985072
0.439594
1.06859
0.99512
0.945262
1.13115
1.3165
1.03221
1.01403
1.13604
1.61838
0.557878
0.940634
0.407756
1.56459
1.73038
0.940764
1.46891
0.452997
0.686978
1.24266
1.27739
1.02186
0.892624
0.601318
1.42224
1.18053
1.67467
1.451
0.550499
1.63791
1.48591
1.18524
1.13488
1.22332
0.401039
0.804548
0.847264
1.17404
1.65289
1.47336
0.878216
1.22651
0.805837
1.04408
1.25554
1.47761
0.832438
1.44961
1.88412
1.10124
0.643392
0.218474
0.896241
1.69192
0.691406
0.41686
0.832475
1.51455
1.17459
1.21577
0.946166
0.738158
0.362845
1.31623
0.73559
1.55222
0.648259
0.789345
1.03054
1.6667
0.391879
0.770841
0.32589
0.673926
1.36824
0.24681
0.752003
1.40204
0.950799
1.61078
1.11077
0.631567
0.671431
0.350176
0.743719
1.07168
0.334212
0.964123
0.697558
1.055
0.633786
0.979355
1.12488
1.50005
1.39302
0.58553
0.459087
0.627446
0.3298
0.547441
0.578661
1.33455
1.26015
1.25292
0.600404
0.453603
0.290016
1.3318
0.889782
0.508061
0.977514
0.808974
1.75768
0.812212
0.761079
0.401648
1.44917
0.578767
1.239
1.79899
1.33308
0.575753
0.847336
0.443809
0.701571
0.683593
1.53806
1.37847
1.11797
0.891803
0.93771
1.1161
0.646184
1.10342
1.41338
1.06591
1.25751
1.23365
0.574586
1.20703
1.10721
0.915578
1.33295
0.701615
1.32934
0.609585
0.328873
0.858287
1.00774
1.40861
0.664256
1.41421
1.11666
1.84375
1.08056
0.967914
1.41208
0.491947
0.678619
0.503475
1.19303
0.42713
1.44961
0.992049
0.99806
0.491823
0.977421
1.34831
0.3127
0.627592
1.65704
1.21484
0.830787
1.11097
1.47318
0.895525
0.465097
1.28879
1.4163
0.695586
1.05338
1.55406
1.30784
1.27675
1.37817
0.373047
1.7024
1.04067
1.3056
1.09569
1.58726
0.48331
1.09306
1.16084
0.91651
1.14122
1.34514
0.832401
1.61974
1.52266
1.60937
1.01545
1.36496
1.30912
1.79345
1.51141
0.889061
0.293051
0.965546
1.32861
1.08709
0.317158
0.607177
0.259703
1.1757
1.75085
1.43603
0.69642
0.70742
0.767309
0.832145
1.79567
0.618629
0.766553
0.327012
0.662324
1.68121
1.53392
1.26217
1.05674
1.09054
1.51776
1.02508
0.875676
1.40143
1.53444
1.30736
1.25489
0.635517
1.69843
1.29522
1.38464
1.64887
0.58927
1.01465
0.540032
0.901808
0.787642
1.0965
0.488023
1.49665
1.28592
1.36819
1.55612
0.959681
1.23305
0.590512
1.27667
1.52568
0.580031
1.52555
0.785741
0.192957
0.820288
0.932062
0.780246
1.29168
0.471548
1.45929
1.52516
0.721389
0.948099
0.73948
0.597806
0.59046
0.215662
1.06024
0.937189
1.15429
0.409101
0.830419
0.431466
1.53846
1.64224
0.691008
0.715356
0.747158
1.63231
0.962666
1.5979
0.827806
0.881788
1.26999
0.948936
1.669
0.814126
1.1527
1.0648
1.79975
0.979635
0.812775
0.90939
1.2319
0.863286
1.28819
1.81845
0.673926
0.289172
0.689992
0.891563
0.577183
0.533379
1.3541
0.824148
0.26689
1.66134
1.20637
0.665312
0.848991
0.409548
1.43198
0.71689
0.396139
1.01137
1.15306
0.455952
0.697602
0.98696
1.04035
0.669291
1.06859
0.421085
0.576813
1.12904
1.4128
0.448052
0.765078
0.47116
1.21085
1.22952
0.873897
1.34509
1.63817
1.4899
0.243197
1.39157
1.20109
1.49344
0.371982
0.718336
1.07659
1.3711
1.13371
0.238637
1.01536
1.02561
1.53589
1.19431
1.67289
1.69351
1.62835
0.519936
0.659137
0.346232
0.700178
0.468432
0.388437
1.04096
0.937026
0.676006
1.37901
1.01255
1.25764
1.16285
0.340006
0.603142
1.06562
0.716294
1.48336
1.47301
0.674334
0.463388
1.66716
0.721812
1.0538
0.763601
1.2642
0.950253
1.19276
1.45485
0.699088
0.905759
0.211807
1.61133
0.772581
1.04846
0.843582
1.31098
0.323729
0.510936
0.48896
1.34341
0.9873
0.110211
1.5679
0.796159
1.37436
1.02511
0.77911
0.605465
0.756615
0.400125
1.55729
1.35523
1.1694
0.571123
1.30485
1.521
0.952178
0.826921
0.402407
1.10543
0.982777
0.376143
0.924831
0.0500252
1.41965
1.27267
0.622955
1.28268
1.01859
1.43727
1.19303
0.130496
0.76152
1.29522
0.975295
0.890296
1.10332
1.50281
1.06866
1.54238
0.76132
1.26383
1.28137
1.12394
0.293779
1.28665
1.34588
0.927368
0.390475
0.748056
0.475287
0.583284
0.57331
1.19769
0.576707
1.05791
0.99463
1.43538
0.850392
0.994599
0.882895
0.59108
1.45195
1.58008
0.929538
0.834269
1.51979
1.33304
0.196095
1.28687
0.386705
0.973385
1.51707
0.281471
0.776639
0.574267
1.10933
1.32884
1.08883
0.8092
1.15526
0.871414
1.19576
0.430475
1.67477
1.007
1.18075
1.0633
1.13034
0.468887
0.85615
1.28469
1.27743
0.569357
1.36511
0.756978
1.347
0.922286
0.993524
1.14193
1.37489
0.588234
1.71062
1.33855
1.2642
0.741376
0.292113
0.780441
1.83409
1.05004
1.0106
1.30758
1.46274
1.34775
1.08853
0.598775
1.15837
0.85222
1.29895
1.32125
0.638153
1.40347
1.13181
0.998366
1.35922
0.857433
0.397754
1.23333
1.51802
1.15732
1.07046
0.90724
1.44679
1.26495
1.29522
0.960762
0.540654
1.26358
0.815437
0.60481
1.94818
1.54613
0.806215
1.21609
0.377439
1.19952
1.05768
1.02324
0.680461
1.08769
1.19303
1.24597
1.52414
0.757381
0.950767
0.301976
1.65972
1.52285
1.17168
1.02564
1.57323
1.22482
0.748586
1.45284
0.62501
1.01918
0.891118
1.65289
0.466538
1.26122
0.942967
0.676683
1.10981
0.599946
0.626862
1.4905
0.77958
0.727875
0.657375
0.997999
1.41929
0.273665
0.372966
1.2452
1.77303
1.44366
0.399744
1.70168
1.25481
0.829463
1.56006
1.51042
1.23078
0.791122
1.23644
1.72813
0.331737
0.59077
0.696025
0.918838
0.704826
1.13544
1.06089
0.552877
1.60255
0.760999
1.2247
1.39868
0.668926
1.34077
0.43876
1.30705
1.26358
0.497315
1.86446
1.48018
0.92222
1.48942
1.15137
0.396909
1.42202
1.54977
1.1006
1.20984
1.31846
0.693213
1.42995
0.302682
1.34831
1.47405
0.287585
1.54458
1.45636
1.39062
1.31005
1.67168
0.672249
1.16201
1.39107
1.44806
0.56077
1.00371
1.14485
0.700657
0.852757
1.3268
1.54264
0.293468
1.46206
1.31245
0.585373
1.04882
0.505411
0.690964
1.59442
1.15957
0.713134
0.732055
1.05992
1.19515
1.57819
0.744293
1.69934
0.511712
1.47831
1.23896
0.302581
1.51285
1.68555
0.651499
1.62297
0.298928
0.417153
1.26512
0.590357
0.587611
0.814351
0.947359
1.15961
1.57387
1.03676
1.72422
1.12796
1.32962
1.12436
1.08813
0.959108
0.688353
1.77451
0.653604
1.18445
1.24177
0.445388
1.16124
1.05049
1.19522
1.51694
1.31445
0.786401
1.01267
1.20361
0.964629
1.42658
0.749116
1.1658
1.35927
1.74053
0.285455
0.877521
0.535093
1.01508
1.56159
0.889507
1.62777
1.42893
0.95541
0.965357
1.20811
0.660986
1.25044
0.889507
1.61551
1.48787
0.768064
0.604153
1.27129
1.36367
1.47708
0.57713
0.958917
0.845208
1.19382
0.57845
0.92169
1.27074
0.643487
0.543019
0.353386
0.577923
1.14015
0.929899
0.873268
0.592833
0.705778
0.19041
0.578292
1.08452
1.06918
1.93999
1.41317
1.10097
0.520639
1.1523
0.755646
1.32467
1.44251
0.543188
1.41011
0.397139
1.37519
1.13505
0.78442
1.55468
0.98501
0.780402
1.15015
0.67844
0.716763
1.02496
1.62297
1.43258
0.0781262
1.03905
0.661909
1.24037
1.67731
1.15631
0.632533
1.01623
0.85265
1.21527
1.40337
0.895593
0.7871
0.989369
0.637579
1.53661
0.356995
0.52362
1.2849
0.597704
0.88834
1.41713
1.4576
1.0594
0.825258
0.550221
0.611434
0.819394
1.15645
0.884656
1.40194
1.68818
1.00206
1.60953
0.698039
1.11759
1.34402
0.583389
1.0934
0.652623
0.877382
0.604456
0.167562
1.45056
1.44596
0.868923
1.13051
1.16694
1.64258
0.948968
1.4382
0.759554
0.784342
0.0883897
1.18865
1.45457
1.60071
1.60263
1.19941
0.968481
0.853687
0.150482
0.628224
0.871028
1.29509
1.73912
1.07629
1.31905
0.806896
0.546716
1.61314
0.544647
0.949225
0.722826
0.748545
1.06323
0.513379
0.891118
1.0157
0.873408
1.26048
1.04328
0.0859388
0.112132
0.0206702
0.238509
0.85818
0.650562
0.607478
1.81495
0.719016
0.953332
0.622955
0.780949
1.04824
1.5627
1.17175
0.629777
1.46702
0.984762
1.59254
1.35363
1.41834
1.23221
1.17689
1.50048
0.235677
1.06741
0.815848
0.769811
1.5291
0.790581
1.80641
0.223173
1.15635
0.820065
1.23836
0.939238
1.08683
1.77614
0.865721
1.47556
1.10216
1.02305
1.21391
1.44956
0.884311
0.654584
0.900284
0.788107
0.746054
0.96763
1.20911
1.71929
1.71562
0.588234
0.893478
0.506798
0.625498
0.767667
0.892213
0.979604
1.33519
1.09135
1.02796
1.18247
1.23836
1.211
0.954579
0.933142
1.82339
0.875885
0.164992
0.695367
1.55106
0.788649
0.623592
1.49938
0.749971
1.55943
0.963648
0.545207
1.04773
1.4195
1.04689
0.599437
1.9123
1.28901
0.809351
0.749523
0.712321
1.09431
0.338296
0.129558
0.71112
0.710562
0.973823
0.882169
1.19876
1.51092
0.272883
1.47324
0.738613
1.09037
1.56445
1.71337
1.55482
1.47522
1.40784
0.738117
1.36906
0.970276
1.08723
1.24468
1.56684
0.435199
0.605465
1.13551
1.17142
1.03013
0.884277
1.29124
0.637531
1.22167
1.40235
1.10454
0.905051
0.723627
0.649482
0.741788
1.06226
0.517936
0.268827
0.67043
0.599743
1.14911
0.518643
0.128374
1.48787
1.13523
0.98318
1.09098
1.06689
0.805041
1.35675
0.578398
0.513319
0.606271
0.37865
0.519172
1.21073
1.02884
1.39227
0.457622
1.07983
0.733388
1.81413
1.13414
0.870888
0.974481
0.90441
1.06236
1.53992
0.39783
1.39147
1.21038
0.96804
0.999832
0.3691
1.04131
1.1069
0.957229
1.45822
0.197027
0.660524
1.33021
0.900148
1.40173
1.02966
0.928486
0.963521
0.625254
1.4905
1.17264
0.46398
0.393433
0.935624
0.853473
1.1222
0.481919
0.804055
1.17216
0.203578
1.14893
1.29578
1.29396
1.01732
0.375087
1.63422
0.280167
0.841118
1.47533
0.924336
1.12873
0.892761
0.924963
0.936342
0.298622
0.158193
0.54195
1.64155
1.07798
0.888958
1.70066
0.151291
1.27641
0.335579
1.05325
0.873303
0.946617
1.07497
1.30411
0.931931
0.981316
0.748097
0.335852
1.27444
1.09519
0.369182
1.44486
0.893205
0.244823
1.60087
0.935037
0.644198
1.33837
0.853902
0.807275
1.63564
0.715655
0.989492
1.32476
1.25133
1.30762
1.20032
0.658581
1.69501
0.996653
1.26632
1.07188
1.03439
0.885105
0.990941
1.53595
1.64258
1.02599
1.22691
1.02174
1.8125
0.94523
0.590098
0.540428
1.25526
0.551164
1.79051
1.51871
0.817269
0.171344
1.33363
1.51795
0.941672
0.93979
1.87139
0.979729
1.33795
1.03892
1.5912
0.93784
1.07102
1.06843
0.981969
0.809049
1.054
0.972506
1.34953
1.018
0.409772
0.740882
0.402179
1.54098
0.555356
1.07606
0.803219
1.30441
1.35557
1.86742
0.191688
1.79552
1.26474
1.37056
0.945101
1.62071
1.27671
1.03971
1.70281
0.648494
1.05126
1.48183
0.98172
1.27802
1.30732
0.985753
1.65999
0.599284
1.13548
0.866391
1.17904
0.760236
0.572991
0.487335
0.996346
0.622416
0.947326
1.14011
1.34026
0.501227
1.02746
0.283954
1.39012
1.16782
1.45044
0.243323
1.71572
1.65722
1.12904
0.885415
0.446824
0.343666
1.85363
0.461738
1.03667
1.52536
0.96238
1.22738
0.220836
1.14699
0.974732
0.615067
0.434637
1.01663
0.994353
0.843437
0.782589
1.09748
1.09853
1.20607
1.10953
0.834927
1.50478
1.22277
0.915344
1.91442
1.19686
1.86696
1.20907
0.35304
1.6089
1.29444
0.919834
0.746218
1.09684
0.247057
0.197336
0.789616
1.15569
1.06709
1.60843
0.852435
0.836644
0.906331
1.44097
0.578609
0.920232
0.614124
0.548499
0.918739
1.44895
0.647553
1.12516
0.604911
1.40815
0.733471
0.580189
0.708756
1.2679
0.878529
1.33846
0.415761
1.0114
0.73853
0.641872
0.744088
0.875571
1.38936
1.16844
0.439872
0.773055
0.817194
0.479061
0.605919
0.259233
1.66116
0.951922
1.48053
0.814201
1.26122
1.684
0.580031
0.0698782
0.409697
0.934155
0.286948
0.87463
1.73426
1.19826
1.39828
0.348254
0.799487
0.590409
0.964376
0.74826
1.01977
0.144269
1.12708
1.59661
0.275332
1.66378
1.81495
0.956464
0.588234
0.843618
0.388908
1.43365
0.432667
0.701441
1.52878
1.13962
1.83951
1.57002
0.973761
0.869555
1.09782
0.953268
1.87234
1.09945
1.55819
1.44784
0.716294
0.69677
0.780011
1.08426
0.781887
0.559135
1.71972
1.19922
0.227373
0.755283
1.21535
0.585738
0.856471
0.598571
0.552712
1.20614
0.590822
1.12022
1.08226
0.808974
0.591442
1.30904
1.53242
1.00651
0.526758
1.41312
0.925853
1.4458
1.30692
1.03695
0.460017
1.4598
0.744416
0.881961
0.718251
0.995734
0.863038
0.444359
1.76072
0.821069
0.865545
0.450701
0.584904
0.899096
0.77656
1.05674
0.706945
0.918107
1.32404
1.26507
1.0199
1.08646
0.793664
0.63176
0.729675
1.0119
0.484634
1.27292
1.21081
1.07142
1.2599
0.793125
1.00494
0.562834
1.29284
0.531086
1.00531
0.626132
0.41311
0.439664
1.42202
0.8821
1.22368
1.01747
0.742445
0.988227
0.996285
1.23532
0.833647
0.576866
0.792663
0.44257
0.942028
1.19971
1.05914
0.948518
1.44928
1.75381
1.02205
0.184219
1.50422
0.847552
1.62111
0.366528
1.64181
1.00197
1.22639
1.19023
1.33203
1.2781
1.02114
0.584591
1.2697
1.02236
0.61278
0.653184
0.652903
0.322596
0.795699
1.35231
0.685376
1.37037
0.901266
0.558097
0.754595
0.365527
1.37832
0.311429
0.745563
0.644103
1.12782
0.486269
1.56305
1.27368
0.34535
1.7297
0.531086
1.56988
0.789229
1.2083
0.647788
1.73564
0.907475
0.864134
1.3165
1.2309
0.61293
0.896411
1.10243
1.00488
1.3429
1.84375
1.11407
0.990879
1.37955
1.49659
0.874978
1.77022
1.13259
1.06529
0.45185
1.4234
1.42563
0.185704
0.418468
0.418468
0.969804
0.638344
1.32062
1.19864
1.60026
0.91651
0.833281
0.993217
0.541781
1.34794
1.63256
0.60778
0.634219
1.41032
0.946005
0.273553
1.08007
1.01642
0.36711
1.19804
0.932226
1.29539
0.984204
0.906769
0.671704
1.09745
1.32798
1.27684
1.29051
0.667876
0.54599
0.680909
0.576495
0.198877
0.86632
0.89607
0.205221
1.15054
0.526295
1.25928
1.32354
1.02787
0.525366
0.994016
1.5226
1.30855
0.616455
1.13016
0.241054
1.13178
0.494854
0.424478
0.848164
1.40624
1.28149
0.585842
0.985382
1.3177
1.16797
0.4309
0.438134
1.33057
0.660663
0.76715
1.3832
1.19314
0.91691
1.6582
0.728126
1.15421
1.6521
1.44344
1.83519
1.27798
0.625693
0.94232
0.338296
0.156252
1.1719
0.146578
0.512189
1.09088
0.611534
1.26936
1.38647
1.16668
1.24403
1.41447
1.63372
1.2903
0.117449
0.835658
1.32323
0.703353
1.41766
1.41881
1.25117
0.961301
0.737496
0.945456
0.958121
0.719228
1.01211
1.39292
0.547775
1.10557
1.40789
0.505109
1.20718
1.59277
0.417884
1.27764
1.03042
1.24779
1.08522
1.54311
0.592885
0.817343
0.856222
1.27435
1.29821
0.675374
0.105108
0.694401
1.40383
1.27916
1.61878
0.731263
1.49128
1.23572
0.638344
0.832548
1.06823
1.45011
0.221112
0.875083
0.743021
0.797079
1.16347
1.59774
1.54984
0.829316
0.50074
0.494731
1.02878
0.842786
1.0336
0.542851
1.88126
0.993586
0.374599
0.253037
1.35193
1.62826
1.26259
1.34207
0.954196
1.52768
1.46485
1.38261
1.53906
1.31999
0.889541

1.00709
1.09623
0.16738
0.136218
53137
1.02202
2
1.4234
6491
0.27732
